frame	id	x	y	warped_x	warped_y	peak_value	warped_pv	climbed_wpv	dis	pid
0	1	851.0000	5.0000	0.0000	0.0000	0.0000	0.0000	0.0000	0.0000	0.0000
1	1	851.0000	5.0000	851.0000	5.0000	0.7481	0.7481	0.0000	0.0000	0.0000
0	2	844.0000	25.0000	0.0000	0.0000	0.0000	0.0000	0.0000	0.0000	0.0000
1	2	845.0000	26.0000	844.0000	25.0000	0.7729	0.7729	0.0000	0.0000	0.0000
0	3	870.0000	29.0000	0.0000	0.0000	0.0000	0.0000	0.0000	0.0000	0.0000
1	3	870.0000	30.0000	870.0000	29.0000	0.7997	0.7997	0.0000	0.0000	0.0000
0	4	887.0000	30.0000	0.0000	0.0000	0.0000	0.0000	0.0000	0.0000	0.0000
1	4	888.0000	30.0000	887.0000	30.0000	0.7787	0.7787	0.0000	0.0000	0.0000
0	5	838.0000	50.0000	0.0000	0.0000	0.0000	0.0000	0.0000	0.0000	0.0000
1	5	838.0000	50.0000	838.0000	50.0000	0.7807	0.7807	0.0000	0.0000	0.0000
0	6	793.0000	54.0000	0.0000	0.0000	0.0000	0.0000	0.0000	0.0000	0.0000
1	6	793.0000	54.0000	793.0000	54.0000	0.7911	0.7911	0.0000	0.0000	0.0000
0	7	847.0000	81.0000	0.0000	0.0000	0.0000	0.0000	0.0000	0.0000	0.0000
1	7	847.0000	80.0000	847.0000	81.0000	0.7946	0.7946	0.0000	0.0000	0.0000
0	8	783.0000	88.0000	0.0000	0.0000	0.0000	0.0000	0.0000	0.0000	0.0000
1	8	783.0000	88.0000	783.0000	88.0000	0.7822	0.7822	0.0000	0.0000	0.0000
0	9	834.0000	89.0000	0.0000	0.0000	0.0000	0.0000	0.0000	0.0000	0.0000
1	9	834.0000	89.0000	834.0000	89.0000	0.7990	0.7990	0.0000	0.0000	0.0000
0	10	867.0000	92.0000	0.0000	0.0000	0.0000	0.0000	0.0000	0.0000	0.0000
1	10	867.0000	93.0000	867.0000	92.0000	0.7869	0.7869	0.0000	0.0000	0.0000
0	11	835.0000	103.0000	0.0000	0.0000	0.0000	0.0000	0.0000	0.0000	0.0000
1	11	835.0000	103.0000	835.0000	103.0000	0.7350	0.7350	0.0000	0.0000	0.0000
0	12	850.0000	108.0000	0.0000	0.0000	0.0000	0.0000	0.0000	0.0000	0.0000
1	12	850.0000	107.0000	850.0000	108.0000	0.7934	0.7934	0.0000	0.0000	0.0000
0	13	663.0000	115.0000	0.0000	0.0000	0.0000	0.0000	0.0000	0.0000	0.0000
1	13	663.0000	114.0000	663.0000	115.0000	0.8142	0.8142	0.0000	0.0000	0.0000
0	14	865.0000	117.0000	0.0000	0.0000	0.0000	0.0000	0.0000	0.0000	0.0000
1	14	865.0000	118.0000	865.0000	117.0000	0.7675	0.7675	0.0000	0.0000	0.0000
0	15	884.0000	119.0000	0.0000	0.0000	0.0000	0.0000	0.0000	0.0000	0.0000
1	15	884.0000	119.0000	884.0000	119.0000	0.7867	0.7867	0.0000	0.0000	0.0000
0	16	783.0000	123.0000	0.0000	0.0000	0.0000	0.0000	0.0000	0.0000	0.0000
1	16	783.0000	123.0000	783.0000	123.0000	0.7995	0.7995	0.0000	0.0000	0.0000
0	17	664.0000	127.0000	0.0000	0.0000	0.0000	0.0000	0.0000	0.0000	0.0000
1	17	664.0000	127.0000	664.0000	127.0000	0.7676	0.7676	0.0000	0.0000	0.0000
0	18	865.0000	135.0000	0.0000	0.0000	0.0000	0.0000	0.0000	0.0000	0.0000
1	18	865.0000	135.0000	865.0000	135.0000	0.7739	0.7739	0.0000	0.0000	0.0000
0	19	844.0000	148.0000	0.0000	0.0000	0.0000	0.0000	0.0000	0.0000	0.0000
1	19	844.0000	146.0000	844.0000	148.0000	0.7957	0.7957	0.0000	0.0000	0.0000
0	20	866.0000	154.0000	0.0000	0.0000	0.0000	0.0000	0.0000	0.0000	0.0000
1	20	866.0000	155.0000	866.0000	154.0000	0.7584	0.7584	0.0000	0.0000	0.0000
0	21	750.0000	159.0000	0.0000	0.0000	0.0000	0.0000	0.0000	0.0000	0.0000
1	21	750.0000	159.0000	750.0000	159.0000	0.7992	0.7992	0.0000	0.0000	0.0000
0	22	894.0000	160.0000	0.0000	0.0000	0.0000	0.0000	0.0000	0.0000	0.0000
1	22	894.0000	160.0000	894.0000	160.0000	0.7249	0.7249	0.0000	0.0000	0.0000
0	23	785.0000	169.0000	0.0000	0.0000	0.0000	0.0000	0.0000	0.0000	0.0000
1	23	785.0000	169.0000	785.0000	169.0000	0.8030	0.8030	0.0000	0.0000	0.0000
0	24	904.0000	168.0000	0.0000	0.0000	0.0000	0.0000	0.0000	0.0000	0.0000
1	24	904.0000	168.0000	904.0000	168.0000	0.7986	0.7986	0.0000	0.0000	0.0000
0	25	865.0000	172.0000	0.0000	0.0000	0.0000	0.0000	0.0000	0.0000	0.0000
1	25	865.0000	172.0000	865.0000	172.0000	0.7896	0.7896	0.0000	0.0000	0.0000
0	26	878.0000	176.0000	0.0000	0.0000	0.0000	0.0000	0.0000	0.0000	0.0000
1	26	878.0000	176.0000	878.0000	176.0000	0.7901	0.7901	0.0000	0.0000	0.0000
0	27	839.0000	181.0000	0.0000	0.0000	0.0000	0.0000	0.0000	0.0000	0.0000
1	27	839.0000	179.0000	839.0000	181.0000	0.7986	0.7986	0.0000	0.0000	0.0000
0	28	919.0000	180.0000	0.0000	0.0000	0.0000	0.0000	0.0000	0.0000	0.0000
1	28	919.0000	180.0000	919.0000	180.0000	0.6731	0.6731	0.0000	0.0000	0.0000
0	29	931.0000	188.0000	0.0000	0.0000	0.0000	0.0000	0.0000	0.0000	0.0000
1	29	931.0000	188.0000	931.0000	188.0000	0.7924	0.7924	0.0000	0.0000	0.0000
0	30	1019.0000	191.0000	0.0000	0.0000	0.0000	0.0000	0.0000	0.0000	0.0000
1	30	1019.0000	191.0000	1019.0000	191.0000	0.7643	0.7643	0.0000	0.0000	0.0000
0	31	788.0000	202.0000	0.0000	0.0000	0.0000	0.0000	0.0000	0.0000	0.0000
1	31	788.0000	202.0000	788.0000	202.0000	0.8067	0.8067	0.0000	0.0000	0.0000
0	32	933.0000	205.0000	0.0000	0.0000	0.0000	0.0000	0.0000	0.0000	0.0000
1	32	933.0000	205.0000	933.0000	205.0000	0.7996	0.7996	0.0000	0.0000	0.0000
0	33	835.0000	227.0000	0.0000	0.0000	0.0000	0.0000	0.0000	0.0000	0.0000
1	33	835.0000	227.0000	835.0000	227.0000	0.8119	0.8119	0.0000	0.0000	0.0000
0	34	1037.0000	235.0000	0.0000	0.0000	0.0000	0.0000	0.0000	0.0000	0.0000
1	34	1037.0000	233.0000	1037.0000	235.0000	0.6507	0.6507	0.0000	0.0000	0.0000
0	35	832.0000	239.0000	0.0000	0.0000	0.0000	0.0000	0.0000	0.0000	0.0000
1	35	832.0000	239.0000	832.0000	239.0000	0.8021	0.8021	0.0000	0.0000	0.0000
0	36	868.0000	240.0000	0.0000	0.0000	0.0000	0.0000	0.0000	0.0000	0.0000
1	36	868.0000	240.0000	868.0000	240.0000	0.8003	0.8003	0.0000	0.0000	0.0000
0	37	853.0000	247.0000	0.0000	0.0000	0.0000	0.0000	0.0000	0.0000	0.0000
1	37	853.0000	247.0000	853.0000	247.0000	0.8001	0.8001	0.0000	0.0000	0.0000
0	38	1016.0000	252.0000	0.0000	0.0000	0.0000	0.0000	0.0000	0.0000	0.0000
1	38	1016.0000	252.0000	1016.0000	252.0000	0.7650	0.7650	0.0000	0.0000	0.0000
0	39	840.0000	258.0000	0.0000	0.0000	0.0000	0.0000	0.0000	0.0000	0.0000
1	39	840.0000	258.0000	840.0000	258.0000	0.8101	0.8101	0.0000	0.0000	0.0000
0	40	877.0000	262.0000	0.0000	0.0000	0.0000	0.0000	0.0000	0.0000	0.0000
1	40	875.0000	262.0000	877.0000	262.0000	0.7595	0.7595	0.0000	0.0000	0.0000
0	41	1041.0000	269.0000	0.0000	0.0000	0.0000	0.0000	0.0000	0.0000	0.0000
1	41	1041.0000	267.0000	1041.0000	269.0000	0.7515	0.7515	0.0000	0.0000	0.0000
0	42	861.0000	271.0000	0.0000	0.0000	0.0000	0.0000	0.0000	0.0000	0.0000
1	42	861.0000	271.0000	861.0000	271.0000	0.7482	0.7482	0.0000	0.0000	0.0000
0	43	838.0000	275.0000	0.0000	0.0000	0.0000	0.0000	0.0000	0.0000	0.0000
1	43	838.0000	274.0000	838.0000	275.0000	0.7999	0.7999	0.0000	0.0000	0.0000
0	44	825.0000	284.0000	0.0000	0.0000	0.0000	0.0000	0.0000	0.0000	0.0000
1	44	825.0000	284.0000	825.0000	284.0000	0.7903	0.7903	0.0000	0.0000	0.0000
0	45	879.0000	287.0000	0.0000	0.0000	0.0000	0.0000	0.0000	0.0000	0.0000
1	45	879.0000	287.0000	879.0000	287.0000	0.7781	0.7781	0.0000	0.0000	0.0000
0	46	860.0000	289.0000	0.0000	0.0000	0.0000	0.0000	0.0000	0.0000	0.0000
1	46	860.0000	290.0000	860.0000	289.0000	0.7878	0.7878	0.0000	0.0000	0.0000
0	47	808.0000	292.0000	0.0000	0.0000	0.0000	0.0000	0.0000	0.0000	0.0000
1	47	808.0000	292.0000	808.0000	292.0000	0.7989	0.7989	0.0000	0.0000	0.0000
0	48	1029.0000	303.0000	0.0000	0.0000	0.0000	0.0000	0.0000	0.0000	0.0000
1	48	1029.0000	301.0000	1029.0000	303.0000	0.7766	0.7766	0.0000	0.0000	0.0000
0	49	1043.0000	301.0000	0.0000	0.0000	0.0000	0.0000	0.0000	0.0000	0.0000
1	49	1043.0000	301.0000	1043.0000	301.0000	0.6472	0.6472	0.0000	0.0000	0.0000
0	50	876.0000	304.0000	0.0000	0.0000	0.0000	0.0000	0.0000	0.0000	0.0000
1	50	875.0000	304.0000	876.0000	304.0000	0.7861	0.7861	0.0000	0.0000	0.0000
0	51	826.0000	309.0000	0.0000	0.0000	0.0000	0.0000	0.0000	0.0000	0.0000
1	51	826.0000	309.0000	826.0000	309.0000	0.7957	0.7957	0.0000	0.0000	0.0000
0	52	835.0000	310.0000	0.0000	0.0000	0.0000	0.0000	0.0000	0.0000	0.0000
1	52	835.0000	309.0000	835.0000	310.0000	0.7998	0.7998	0.0000	0.0000	0.0000
0	53	902.0000	308.0000	0.0000	0.0000	0.0000	0.0000	0.0000	0.0000	0.0000
1	53	902.0000	308.0000	902.0000	308.0000	0.7963	0.7963	0.0000	0.0000	0.0000
0	54	887.0000	312.0000	0.0000	0.0000	0.0000	0.0000	0.0000	0.0000	0.0000
1	54	887.0000	311.0000	887.0000	312.0000	0.7923	0.7923	0.0000	0.0000	0.0000
0	55	777.0000	320.0000	0.0000	0.0000	0.0000	0.0000	0.0000	0.0000	0.0000
1	55	777.0000	320.0000	777.0000	320.0000	0.7979	0.7979	0.0000	0.0000	0.0000
0	56	853.0000	323.0000	0.0000	0.0000	0.0000	0.0000	0.0000	0.0000	0.0000
1	56	853.0000	324.0000	853.0000	323.0000	0.7802	0.7802	0.0000	0.0000	0.0000
0	57	872.0000	329.0000	0.0000	0.0000	0.0000	0.0000	0.0000	0.0000	0.0000
1	57	872.0000	329.0000	872.0000	329.0000	0.7935	0.7935	0.0000	0.0000	0.0000
0	58	830.0000	334.0000	0.0000	0.0000	0.0000	0.0000	0.0000	0.0000	0.0000
1	58	831.0000	333.0000	830.0000	334.0000	0.6653	0.6653	0.0000	0.0000	0.0000
0	59	885.0000	332.0000	0.0000	0.0000	0.0000	0.0000	0.0000	0.0000	0.0000
1	59	885.0000	332.0000	885.0000	332.0000	0.7809	0.7809	0.0000	0.0000	0.0000
0	60	904.0000	334.0000	0.0000	0.0000	0.0000	0.0000	0.0000	0.0000	0.0000
1	60	904.0000	334.0000	904.0000	334.0000	0.7976	0.7976	0.0000	0.0000	0.0000
0	61	813.0000	352.0000	0.0000	0.0000	0.0000	0.0000	0.0000	0.0000	0.0000
1	61	814.0000	351.0000	813.0000	352.0000	0.7956	0.7956	0.0000	0.0000	0.0000
0	62	850.0000	350.0000	0.0000	0.0000	0.0000	0.0000	0.0000	0.0000	0.0000
1	62	850.0000	351.0000	850.0000	350.0000	0.8009	0.8009	0.0000	0.0000	0.0000
0	63	1047.0000	353.0000	0.0000	0.0000	0.0000	0.0000	0.0000	0.0000	0.0000
1	63	1047.0000	352.0000	1047.0000	353.0000	0.5092	0.5092	0.0000	0.0000	0.0000
0	64	887.0000	356.0000	0.0000	0.0000	0.0000	0.0000	0.0000	0.0000	0.0000
1	64	887.0000	355.0000	887.0000	356.0000	0.7924	0.7924	0.0000	0.0000	0.0000
0	65	842.0000	358.0000	0.0000	0.0000	0.0000	0.0000	0.0000	0.0000	0.0000
1	65	842.0000	359.0000	842.0000	358.0000	0.7806	0.7806	0.0000	0.0000	0.0000
0	66	913.0000	369.0000	0.0000	0.0000	0.0000	0.0000	0.0000	0.0000	0.0000
1	66	913.0000	369.0000	913.0000	369.0000	0.7958	0.7958	0.0000	0.0000	0.0000
0	67	870.0000	373.0000	0.0000	0.0000	0.0000	0.0000	0.0000	0.0000	0.0000
1	67	869.0000	371.0000	870.0000	373.0000	0.7870	0.7870	0.0000	0.0000	0.0000
0	68	1040.0000	372.0000	0.0000	0.0000	0.0000	0.0000	0.0000	0.0000	0.0000
1	68	1040.0000	372.0000	1040.0000	372.0000	0.8079	0.8079	0.0000	0.0000	0.0000
0	69	808.0000	375.0000	0.0000	0.0000	0.0000	0.0000	0.0000	0.0000	0.0000
1	69	808.0000	374.0000	808.0000	375.0000	0.8037	0.8037	0.0000	0.0000	0.0000
0	70	1774.0000	374.0000	0.0000	0.0000	0.0000	0.0000	0.0000	0.0000	0.0000
1	70	1774.0000	374.0000	1774.0000	374.0000	0.7970	0.7970	0.0000	0.0000	0.0000
0	71	1746.0000	378.0000	0.0000	0.0000	0.0000	0.0000	0.0000	0.0000	0.0000
1	71	1746.0000	378.0000	1746.0000	378.0000	0.8014	0.8014	0.0000	0.0000	0.0000
0	72	1060.0000	381.0000	0.0000	0.0000	0.0000	0.0000	0.0000	0.0000	0.0000
1	72	1060.0000	383.0000	1060.0000	381.0000	0.7739	0.7739	0.0000	0.0000	0.0000
0	73	776.0000	384.0000	0.0000	0.0000	0.0000	0.0000	0.0000	0.0000	0.0000
1	73	776.0000	384.0000	776.0000	384.0000	0.8193	0.8193	0.0000	0.0000	0.0000
0	74	801.0000	385.0000	0.0000	0.0000	0.0000	0.0000	0.0000	0.0000	0.0000
1	74	801.0000	385.0000	801.0000	385.0000	0.8167	0.8167	0.0000	0.0000	0.0000
0	75	1041.0000	385.0000	0.0000	0.0000	0.0000	0.0000	0.0000	0.0000	0.0000
1	75	1041.0000	385.0000	1041.0000	385.0000	0.8090	0.8090	0.0000	0.0000	0.0000
0	76	926.0000	386.0000	0.0000	0.0000	0.0000	0.0000	0.0000	0.0000	0.0000
1	76	926.0000	386.0000	926.0000	386.0000	0.7830	0.7830	0.0000	0.0000	0.0000
0	77	1632.0000	387.0000	0.0000	0.0000	0.0000	0.0000	0.0000	0.0000	0.0000
1	77	1632.0000	387.0000	1632.0000	387.0000	0.7793	0.7793	0.0000	0.0000	0.0000
0	78	1582.0000	388.0000	0.0000	0.0000	0.0000	0.0000	0.0000	0.0000	0.0000
1	78	1582.0000	388.0000	1582.0000	388.0000	0.7929	0.7929	0.0000	0.0000	0.0000
0	79	1709.0000	388.0000	0.0000	0.0000	0.0000	0.0000	0.0000	0.0000	0.0000
1	79	1710.0000	388.0000	1709.0000	388.0000	0.7373	0.7373	0.0000	0.0000	0.0000
0	80	1023.0000	388.0000	0.0000	0.0000	0.0000	0.0000	0.0000	0.0000	0.0000
1	80	1023.0000	390.0000	1023.0000	388.0000	0.7784	0.7784	0.0000	0.0000	0.0000
0	81	912.0000	395.0000	0.0000	0.0000	0.0000	0.0000	0.0000	0.0000	0.0000
1	81	912.0000	395.0000	912.0000	395.0000	0.7941	0.7941	0.0000	0.0000	0.0000
0	82	1470.0000	395.0000	0.0000	0.0000	0.0000	0.0000	0.0000	0.0000	0.0000
1	82	1472.0000	395.0000	1470.0000	395.0000	0.7788	0.7788	0.0000	0.0000	0.0000
0	83	1232.0000	396.0000	0.0000	0.0000	0.0000	0.0000	0.0000	0.0000	0.0000
1	83	1232.0000	396.0000	1232.0000	396.0000	0.8001	0.8001	0.0000	0.0000	0.0000
0	84	1687.0000	397.0000	0.0000	0.0000	0.0000	0.0000	0.0000	0.0000	0.0000
1	84	1688.0000	397.0000	1687.0000	397.0000	0.7484	0.7484	0.0000	0.0000	0.0000
0	85	702.0000	398.0000	0.0000	0.0000	0.0000	0.0000	0.0000	0.0000	0.0000
1	85	702.0000	398.0000	702.0000	398.0000	0.7924	0.7924	0.0000	0.0000	0.0000
0	86	1191.0000	399.0000	0.0000	0.0000	0.0000	0.0000	0.0000	0.0000	0.0000
1	86	1191.0000	399.0000	1191.0000	399.0000	0.7992	0.7992	0.0000	0.0000	0.0000
0	87	1369.0000	398.0000	0.0000	0.0000	0.0000	0.0000	0.0000	0.0000	0.0000
1	87	1369.0000	398.0000	1369.0000	398.0000	0.8031	0.8031	0.0000	0.0000	0.0000
0	88	642.0000	400.0000	0.0000	0.0000	0.0000	0.0000	0.0000	0.0000	0.0000
1	88	642.0000	400.0000	642.0000	400.0000	0.8080	0.8080	0.0000	0.0000	0.0000
0	89	1006.0000	400.0000	0.0000	0.0000	0.0000	0.0000	0.0000	0.0000	0.0000
1	89	1006.0000	400.0000	1006.0000	400.0000	0.8078	0.8078	0.0000	0.0000	0.0000
0	90	1207.0000	400.0000	0.0000	0.0000	0.0000	0.0000	0.0000	0.0000	0.0000
1	90	1207.0000	400.0000	1207.0000	400.0000	0.7945	0.7945	0.0000	0.0000	0.0000
0	91	1681.0000	402.0000	0.0000	0.0000	0.0000	0.0000	0.0000	0.0000	0.0000
1	91	1682.0000	402.0000	1681.0000	402.0000	0.7677	0.7677	0.0000	0.0000	0.0000
0	92	635.0000	405.0000	0.0000	0.0000	0.0000	0.0000	0.0000	0.0000	0.0000
1	92	635.0000	405.0000	635.0000	405.0000	0.8172	0.8172	0.0000	0.0000	0.0000
0	93	680.0000	405.0000	0.0000	0.0000	0.0000	0.0000	0.0000	0.0000	0.0000
1	93	680.0000	405.0000	680.0000	405.0000	0.7911	0.7911	0.0000	0.0000	0.0000
0	94	976.0000	404.0000	0.0000	0.0000	0.0000	0.0000	0.0000	0.0000	0.0000
1	94	976.0000	404.0000	976.0000	404.0000	0.7696	0.7696	0.0000	0.0000	0.0000
0	95	1390.0000	404.0000	0.0000	0.0000	0.0000	0.0000	0.0000	0.0000	0.0000
1	95	1390.0000	404.0000	1390.0000	404.0000	0.7934	0.7934	0.0000	0.0000	0.0000
0	96	1443.0000	403.0000	0.0000	0.0000	0.0000	0.0000	0.0000	0.0000	0.0000
1	96	1445.0000	404.0000	1443.0000	403.0000	0.7982	0.7982	0.0000	0.0000	0.0000
0	97	1854.0000	405.0000	0.0000	0.0000	0.0000	0.0000	0.0000	0.0000	0.0000
1	97	1850.0000	405.0000	1854.0000	405.0000	0.5933	0.5933	0.0000	0.0000	0.0000
0	98	751.0000	407.0000	0.0000	0.0000	0.0000	0.0000	0.0000	0.0000	0.0000
1	98	753.0000	407.0000	751.0000	407.0000	0.8029	0.8029	0.0000	0.0000	0.0000
0	99	1066.0000	404.0000	0.0000	0.0000	0.0000	0.0000	0.0000	0.0000	0.0000
1	99	1066.0000	406.0000	1066.0000	404.0000	0.7789	0.7789	0.0000	0.0000	0.0000
0	100	1089.0000	407.0000	0.0000	0.0000	0.0000	0.0000	0.0000	0.0000	0.0000
1	100	1089.0000	407.0000	1089.0000	407.0000	0.7921	0.7921	0.0000	0.0000	0.0000
0	101	1710.0000	406.0000	0.0000	0.0000	0.0000	0.0000	0.0000	0.0000	0.0000
1	101	1710.0000	406.0000	1710.0000	406.0000	0.7766	0.7766	0.0000	0.0000	0.0000
0	102	191.0000	411.0000	0.0000	0.0000	0.0000	0.0000	0.0000	0.0000	0.0000
1	102	191.0000	411.0000	191.0000	411.0000	0.7938	0.7938	0.0000	0.0000	0.0000
0	103	808.0000	411.0000	0.0000	0.0000	0.0000	0.0000	0.0000	0.0000	0.0000
1	103	808.0000	411.0000	808.0000	411.0000	0.7955	0.7955	0.0000	0.0000	0.0000
0	104	660.0000	412.0000	0.0000	0.0000	0.0000	0.0000	0.0000	0.0000	0.0000
1	104	660.0000	412.0000	660.0000	412.0000	0.8063	0.8063	0.0000	0.0000	0.0000
0	105	879.0000	414.0000	0.0000	0.0000	0.0000	0.0000	0.0000	0.0000	0.0000
1	105	879.0000	412.0000	879.0000	414.0000	0.7761	0.7761	0.0000	0.0000	0.0000
0	106	1006.0000	413.0000	0.0000	0.0000	0.0000	0.0000	0.0000	0.0000	0.0000
1	106	1006.0000	413.0000	1006.0000	413.0000	0.7561	0.7561	0.0000	0.0000	0.0000
0	107	1427.0000	412.0000	0.0000	0.0000	0.0000	0.0000	0.0000	0.0000	0.0000
1	107	1428.0000	412.0000	1427.0000	412.0000	0.7621	0.7621	0.0000	0.0000	0.0000
0	108	1343.0000	414.0000	0.0000	0.0000	0.0000	0.0000	0.0000	0.0000	0.0000
1	108	1343.0000	415.0000	1343.0000	414.0000	0.7658	0.7658	0.0000	0.0000	0.0000
0	109	1157.0000	416.0000	0.0000	0.0000	0.0000	0.0000	0.0000	0.0000	0.0000
1	109	1157.0000	416.0000	1157.0000	416.0000	0.7762	0.7762	0.0000	0.0000	0.0000
0	110	1686.0000	417.0000	0.0000	0.0000	0.0000	0.0000	0.0000	0.0000	0.0000
1	110	1684.0000	417.0000	1686.0000	417.0000	0.6713	0.6713	0.0000	0.0000	0.0000
0	111	995.0000	418.0000	0.0000	0.0000	0.0000	0.0000	0.0000	0.0000	0.0000
1	111	995.0000	418.0000	995.0000	418.0000	0.8066	0.8066	0.0000	0.0000	0.0000
0	112	1439.0000	419.0000	0.0000	0.0000	0.0000	0.0000	0.0000	0.0000	0.0000
1	112	1441.0000	419.0000	1439.0000	419.0000	0.7601	0.7601	0.0000	0.0000	0.0000
0	113	1699.0000	419.0000	0.0000	0.0000	0.0000	0.0000	0.0000	0.0000	0.0000
1	113	1699.0000	419.0000	1699.0000	419.0000	0.6065	0.6065	0.0000	0.0000	0.0000
0	114	818.0000	421.0000	0.0000	0.0000	0.0000	0.0000	0.0000	0.0000	0.0000
1	114	818.0000	421.0000	818.0000	421.0000	0.7905	0.7905	0.0000	0.0000	0.0000
0	115	639.0000	423.0000	0.0000	0.0000	0.0000	0.0000	0.0000	0.0000	0.0000
1	115	639.0000	423.0000	639.0000	423.0000	0.7736	0.7736	0.0000	0.0000	0.0000
0	116	1155.0000	423.0000	0.0000	0.0000	0.0000	0.0000	0.0000	0.0000	0.0000
1	116	1155.0000	423.0000	1155.0000	423.0000	0.8044	0.8044	0.0000	0.0000	0.0000
0	117	1486.0000	424.0000	0.0000	0.0000	0.0000	0.0000	0.0000	0.0000	0.0000
1	117	1488.0000	423.0000	1486.0000	424.0000	0.7915	0.7915	0.0000	0.0000	0.0000
0	118	1375.0000	425.0000	0.0000	0.0000	0.0000	0.0000	0.0000	0.0000	0.0000
1	118	1375.0000	425.0000	1375.0000	425.0000	0.7905	0.7905	0.0000	0.0000	0.0000
0	119	1575.0000	423.0000	0.0000	0.0000	0.0000	0.0000	0.0000	0.0000	0.0000
1	119	1577.0000	424.0000	1575.0000	423.0000	0.7862	0.7862	0.0000	0.0000	0.0000
0	120	112.0000	429.0000	0.0000	0.0000	0.0000	0.0000	0.0000	0.0000	0.0000
1	120	113.0000	429.0000	112.0000	429.0000	0.7766	0.7766	0.0000	0.0000	0.0000
0	121	339.0000	428.0000	0.0000	0.0000	0.0000	0.0000	0.0000	0.0000	0.0000
1	121	342.0000	428.0000	339.0000	428.0000	0.7999	0.7999	0.0000	0.0000	0.0000
0	122	664.0000	429.0000	0.0000	0.0000	0.0000	0.0000	0.0000	0.0000	0.0000
1	122	664.0000	429.0000	664.0000	429.0000	0.7379	0.7379	0.0000	0.0000	0.0000
0	123	984.0000	429.0000	0.0000	0.0000	0.0000	0.0000	0.0000	0.0000	0.0000
1	123	983.0000	429.0000	984.0000	429.0000	0.7843	0.7843	0.0000	0.0000	0.0000
0	124	1186.0000	428.0000	0.0000	0.0000	0.0000	0.0000	0.0000	0.0000	0.0000
1	124	1186.0000	428.0000	1186.0000	428.0000	0.8269	0.8269	0.0000	0.0000	0.0000
0	125	1543.0000	428.0000	0.0000	0.0000	0.0000	0.0000	0.0000	0.0000	0.0000
1	125	1545.0000	429.0000	1543.0000	428.0000	0.7924	0.7924	0.0000	0.0000	0.0000
0	126	1175.0000	431.0000	0.0000	0.0000	0.0000	0.0000	0.0000	0.0000	0.0000
1	126	1175.0000	431.0000	1175.0000	431.0000	0.8171	0.8171	0.0000	0.0000	0.0000
0	127	1217.0000	430.0000	0.0000	0.0000	0.0000	0.0000	0.0000	0.0000	0.0000
1	127	1217.0000	430.0000	1217.0000	430.0000	0.8028	0.8028	0.0000	0.0000	0.0000
0	128	650.0000	433.0000	0.0000	0.0000	0.0000	0.0000	0.0000	0.0000	0.0000
1	128	650.0000	433.0000	650.0000	433.0000	0.7699	0.7699	0.0000	0.0000	0.0000
0	129	1042.0000	434.0000	0.0000	0.0000	0.0000	0.0000	0.0000	0.0000	0.0000
1	129	1045.0000	434.0000	1042.0000	434.0000	0.7894	0.7894	0.0000	0.0000	0.0000
0	130	1196.0000	435.0000	0.0000	0.0000	0.0000	0.0000	0.0000	0.0000	0.0000
1	130	1196.0000	435.0000	1196.0000	435.0000	0.8391	0.8391	0.0000	0.0000	0.0000
0	131	103.0000	437.0000	0.0000	0.0000	0.0000	0.0000	0.0000	0.0000	0.0000
1	131	105.0000	437.0000	103.0000	437.0000	0.7985	0.7985	0.0000	0.0000	0.0000
0	132	1229.0000	436.0000	0.0000	0.0000	0.0000	0.0000	0.0000	0.0000	0.0000
1	132	1229.0000	436.0000	1229.0000	436.0000	0.7941	0.7941	0.0000	0.0000	0.0000
0	133	1244.0000	437.0000	0.0000	0.0000	0.0000	0.0000	0.0000	0.0000	0.0000
1	133	1244.0000	437.0000	1244.0000	437.0000	0.8179	0.8179	0.0000	0.0000	0.0000
0	134	1329.0000	438.0000	0.0000	0.0000	0.0000	0.0000	0.0000	0.0000	0.0000
1	134	1329.0000	438.0000	1329.0000	438.0000	0.7924	0.7924	0.0000	0.0000	0.0000
0	135	456.0000	440.0000	0.0000	0.0000	0.0000	0.0000	0.0000	0.0000	0.0000
1	135	460.0000	440.0000	456.0000	440.0000	0.8088	0.8088	0.0000	0.0000	0.0000
0	136	494.0000	440.0000	0.0000	0.0000	0.0000	0.0000	0.0000	0.0000	0.0000
1	136	497.0000	440.0000	494.0000	440.0000	0.8015	0.8015	0.0000	0.0000	0.0000
0	137	1112.0000	440.0000	0.0000	0.0000	0.0000	0.0000	0.0000	0.0000	0.0000
1	137	1113.0000	440.0000	1112.0000	440.0000	0.8018	0.8018	0.0000	0.0000	0.0000
0	138	648.0000	443.0000	0.0000	0.0000	0.0000	0.0000	0.0000	0.0000	0.0000
1	138	650.0000	443.0000	648.0000	443.0000	0.7986	0.7986	0.0000	0.0000	0.0000
0	139	674.0000	443.0000	0.0000	0.0000	0.0000	0.0000	0.0000	0.0000	0.0000
1	139	676.0000	443.0000	674.0000	443.0000	0.7922	0.7922	0.0000	0.0000	0.0000
0	140	1449.0000	444.0000	0.0000	0.0000	0.0000	0.0000	0.0000	0.0000	0.0000
1	140	1452.0000	443.0000	1449.0000	444.0000	0.8230	0.8230	0.0000	0.0000	0.0000
0	141	555.0000	445.0000	0.0000	0.0000	0.0000	0.0000	0.0000	0.0000	0.0000
1	141	557.0000	445.0000	555.0000	445.0000	0.7717	0.7717	0.0000	0.0000	0.0000
0	142	624.0000	445.0000	0.0000	0.0000	0.0000	0.0000	0.0000	0.0000	0.0000
1	142	626.0000	445.0000	624.0000	445.0000	0.8127	0.8127	0.0000	0.0000	0.0000
0	143	1398.0000	444.0000	0.0000	0.0000	0.0000	0.0000	0.0000	0.0000	0.0000
1	143	1401.0000	444.0000	1398.0000	444.0000	0.8211	0.8211	0.0000	0.0000	0.0000
0	144	1518.0000	445.0000	0.0000	0.0000	0.0000	0.0000	0.0000	0.0000	0.0000
1	144	1516.0000	445.0000	1518.0000	445.0000	0.7760	0.7760	0.0000	0.0000	0.0000
0	145	1579.0000	442.0000	0.0000	0.0000	0.0000	0.0000	0.0000	0.0000	0.0000
1	145	1580.0000	444.0000	1579.0000	442.0000	0.7445	0.7445	0.0000	0.0000	0.0000
0	146	589.0000	447.0000	0.0000	0.0000	0.0000	0.0000	0.0000	0.0000	0.0000
1	146	591.0000	447.0000	589.0000	447.0000	0.8004	0.8004	0.0000	0.0000	0.0000
0	147	1025.0000	447.0000	0.0000	0.0000	0.0000	0.0000	0.0000	0.0000	0.0000
1	147	1023.0000	447.0000	1025.0000	447.0000	0.7900	0.7900	0.0000	0.0000	0.0000
0	148	1430.0000	447.0000	0.0000	0.0000	0.0000	0.0000	0.0000	0.0000	0.0000
1	148	1432.0000	447.0000	1430.0000	447.0000	0.8057	0.8057	0.0000	0.0000	0.0000
0	149	1652.0000	445.0000	0.0000	0.0000	0.0000	0.0000	0.0000	0.0000	0.0000
1	149	1651.0000	446.0000	1652.0000	445.0000	0.7671	0.7671	0.0000	0.0000	0.0000
0	150	1243.0000	449.0000	0.0000	0.0000	0.0000	0.0000	0.0000	0.0000	0.0000
1	150	1243.0000	449.0000	1243.0000	449.0000	0.8159	0.8159	0.0000	0.0000	0.0000
0	151	188.0000	450.0000	0.0000	0.0000	0.0000	0.0000	0.0000	0.0000	0.0000
1	151	188.0000	450.0000	188.0000	450.0000	0.7951	0.7951	0.0000	0.0000	0.0000
0	152	782.0000	450.0000	0.0000	0.0000	0.0000	0.0000	0.0000	0.0000	0.0000
1	152	778.0000	451.0000	782.0000	450.0000	0.7907	0.7907	0.0000	0.0000	0.0000
0	153	1089.0000	452.0000	0.0000	0.0000	0.0000	0.0000	0.0000	0.0000	0.0000
1	153	1087.0000	451.0000	1089.0000	452.0000	0.6827	0.6827	0.0000	0.0000	0.0000
0	154	1566.0000	451.0000	0.0000	0.0000	0.0000	0.0000	0.0000	0.0000	0.0000
1	154	1563.0000	451.0000	1566.0000	451.0000	0.7929	0.7929	0.0000	0.0000	0.0000
0	155	483.0000	453.0000	0.0000	0.0000	0.0000	0.0000	0.0000	0.0000	0.0000
1	155	486.0000	453.0000	483.0000	453.0000	0.7923	0.7923	0.0000	0.0000	0.0000
0	156	1264.0000	452.0000	0.0000	0.0000	0.0000	0.0000	0.0000	0.0000	0.0000
1	156	1266.0000	452.0000	1264.0000	452.0000	0.8172	0.8172	0.0000	0.0000	0.0000
0	157	34.0000	454.0000	0.0000	0.0000	0.0000	0.0000	0.0000	0.0000	0.0000
1	157	34.0000	454.0000	34.0000	454.0000	0.3756	0.3756	0.0000	0.0000	0.0000
0	158	627.0000	455.0000	0.0000	0.0000	0.0000	0.0000	0.0000	0.0000	0.0000
1	158	629.0000	455.0000	627.0000	455.0000	0.8161	0.8161	0.0000	0.0000	0.0000
0	159	656.0000	454.0000	0.0000	0.0000	0.0000	0.0000	0.0000	0.0000	0.0000
1	159	658.0000	454.0000	656.0000	454.0000	0.8141	0.8141	0.0000	0.0000	0.0000
0	160	60.0000	457.0000	0.0000	0.0000	0.0000	0.0000	0.0000	0.0000	0.0000
1	160	61.0000	457.0000	60.0000	457.0000	0.7687	0.7687	0.0000	0.0000	0.0000
0	161	1146.0000	457.0000	0.0000	0.0000	0.0000	0.0000	0.0000	0.0000	0.0000
1	161	1148.0000	457.0000	1146.0000	457.0000	0.7922	0.7922	0.0000	0.0000	0.0000
0	162	679.0000	458.0000	0.0000	0.0000	0.0000	0.0000	0.0000	0.0000	0.0000
1	162	680.0000	458.0000	679.0000	458.0000	0.7753	0.7753	0.0000	0.0000	0.0000
0	163	86.0000	461.0000	0.0000	0.0000	0.0000	0.0000	0.0000	0.0000	0.0000
1	163	88.0000	461.0000	86.0000	461.0000	0.7127	0.7127	0.0000	0.0000	0.0000
0	164	1488.0000	460.0000	0.0000	0.0000	0.0000	0.0000	0.0000	0.0000	0.0000
1	164	1488.0000	460.0000	1488.0000	460.0000	0.8054	0.8054	0.0000	0.0000	0.0000
0	165	144.0000	462.0000	0.0000	0.0000	0.0000	0.0000	0.0000	0.0000	0.0000
1	165	147.0000	462.0000	144.0000	462.0000	0.7937	0.7937	0.0000	0.0000	0.0000
0	166	538.0000	463.0000	0.0000	0.0000	0.0000	0.0000	0.0000	0.0000	0.0000
1	166	535.0000	463.0000	538.0000	463.0000	0.7792	0.7792	0.0000	0.0000	0.0000
0	167	1069.0000	463.0000	0.0000	0.0000	0.0000	0.0000	0.0000	0.0000	0.0000
1	167	1069.0000	463.0000	1069.0000	463.0000	0.7970	0.7970	0.0000	0.0000	0.0000
0	168	1141.0000	463.0000	0.0000	0.0000	0.0000	0.0000	0.0000	0.0000	0.0000
1	168	1143.0000	463.0000	1141.0000	463.0000	0.7840	0.7840	0.0000	0.0000	0.0000
0	169	1173.0000	463.0000	0.0000	0.0000	0.0000	0.0000	0.0000	0.0000	0.0000
1	169	1175.0000	463.0000	1173.0000	463.0000	0.8033	0.8033	0.0000	0.0000	0.0000
0	170	1663.0000	463.0000	0.0000	0.0000	0.0000	0.0000	0.0000	0.0000	0.0000
1	170	1663.0000	463.0000	1663.0000	463.0000	0.7901	0.7901	0.0000	0.0000	0.0000
0	171	1502.0000	465.0000	0.0000	0.0000	0.0000	0.0000	0.0000	0.0000	0.0000
1	171	1504.0000	465.0000	1502.0000	465.0000	0.7457	0.7457	0.0000	0.0000	0.0000
0	172	1547.0000	465.0000	0.0000	0.0000	0.0000	0.0000	0.0000	0.0000	0.0000
1	172	1545.0000	464.0000	1547.0000	465.0000	0.7667	0.7667	0.0000	0.0000	0.0000
0	173	113.0000	466.0000	0.0000	0.0000	0.0000	0.0000	0.0000	0.0000	0.0000
1	173	115.0000	466.0000	113.0000	466.0000	0.7805	0.7805	0.0000	0.0000	0.0000
0	174	269.0000	468.0000	0.0000	0.0000	0.0000	0.0000	0.0000	0.0000	0.0000
1	174	266.0000	468.0000	269.0000	468.0000	0.7563	0.7563	0.0000	0.0000	0.0000
0	175	1050.0000	468.0000	0.0000	0.0000	0.0000	0.0000	0.0000	0.0000	0.0000
1	175	1049.0000	468.0000	1050.0000	468.0000	0.7798	0.7798	0.0000	0.0000	0.0000
0	176	1697.0000	468.0000	0.0000	0.0000	0.0000	0.0000	0.0000	0.0000	0.0000
1	176	1696.0000	468.0000	1697.0000	468.0000	0.4931	0.4931	0.0000	0.0000	0.0000
0	177	494.0000	471.0000	0.0000	0.0000	0.0000	0.0000	0.0000	0.0000	0.0000
1	177	491.0000	471.0000	494.0000	471.0000	0.7941	0.7941	0.0000	0.0000	0.0000
0	178	1088.0000	471.0000	0.0000	0.0000	0.0000	0.0000	0.0000	0.0000	0.0000
1	178	1088.0000	471.0000	1088.0000	471.0000	0.8093	0.8093	0.0000	0.0000	0.0000
0	179	1357.0000	471.0000	0.0000	0.0000	0.0000	0.0000	0.0000	0.0000	0.0000
1	179	1360.0000	471.0000	1357.0000	471.0000	0.8059	0.8059	0.0000	0.0000	0.0000
0	180	590.0000	475.0000	0.0000	0.0000	0.0000	0.0000	0.0000	0.0000	0.0000
1	180	587.0000	475.0000	590.0000	475.0000	0.8269	0.8269	0.0000	0.0000	0.0000
0	181	696.0000	475.0000	0.0000	0.0000	0.0000	0.0000	0.0000	0.0000	0.0000
1	181	695.0000	475.0000	696.0000	475.0000	0.7721	0.7721	0.0000	0.0000	0.0000
0	182	789.0000	475.0000	0.0000	0.0000	0.0000	0.0000	0.0000	0.0000	0.0000
1	182	789.0000	475.0000	789.0000	475.0000	0.7988	0.7988	0.0000	0.0000	0.0000
0	183	801.0000	475.0000	0.0000	0.0000	0.0000	0.0000	0.0000	0.0000	0.0000
1	183	801.0000	475.0000	801.0000	475.0000	0.7818	0.7818	0.0000	0.0000	0.0000
0	184	1077.0000	474.0000	0.0000	0.0000	0.0000	0.0000	0.0000	0.0000	0.0000
1	184	1077.0000	474.0000	1077.0000	474.0000	0.8185	0.8185	0.0000	0.0000	0.0000
0	185	306.0000	477.0000	0.0000	0.0000	0.0000	0.0000	0.0000	0.0000	0.0000
1	185	307.0000	477.0000	306.0000	477.0000	0.7925	0.7925	0.0000	0.0000	0.0000
0	186	657.0000	477.0000	0.0000	0.0000	0.0000	0.0000	0.0000	0.0000	0.0000
1	186	657.0000	477.0000	657.0000	477.0000	0.7528	0.7528	0.0000	0.0000	0.0000
0	187	841.0000	476.0000	0.0000	0.0000	0.0000	0.0000	0.0000	0.0000	0.0000
1	187	843.0000	477.0000	841.0000	476.0000	0.7945	0.7945	0.0000	0.0000	0.0000
0	188	532.0000	478.0000	0.0000	0.0000	0.0000	0.0000	0.0000	0.0000	0.0000
1	188	530.0000	478.0000	532.0000	478.0000	0.7903	0.7903	0.0000	0.0000	0.0000
0	189	1582.0000	480.0000	0.0000	0.0000	0.0000	0.0000	0.0000	0.0000	0.0000
1	189	1580.0000	479.0000	1582.0000	480.0000	0.7849	0.7849	0.0000	0.0000	0.0000
0	190	1657.0000	478.0000	0.0000	0.0000	0.0000	0.0000	0.0000	0.0000	0.0000
1	190	1658.0000	479.0000	1657.0000	478.0000	0.7679	0.7679	0.0000	0.0000	0.0000
0	191	21.0000	481.0000	0.0000	0.0000	0.0000	0.0000	0.0000	0.0000	0.0000
1	191	20.0000	481.0000	21.0000	481.0000	0.7280	0.7280	0.0000	0.0000	0.0000
0	192	556.0000	481.0000	0.0000	0.0000	0.0000	0.0000	0.0000	0.0000	0.0000
1	192	553.0000	481.0000	556.0000	481.0000	0.7892	0.7892	0.0000	0.0000	0.0000
0	193	996.0000	480.0000	0.0000	0.0000	0.0000	0.0000	0.0000	0.0000	0.0000
1	193	996.0000	480.0000	996.0000	480.0000	0.7836	0.7836	0.0000	0.0000	0.0000
0	194	1680.0000	480.0000	0.0000	0.0000	0.0000	0.0000	0.0000	0.0000	0.0000
1	194	1680.0000	480.0000	1680.0000	480.0000	0.7848	0.7848	0.0000	0.0000	0.0000
0	195	100.0000	483.0000	0.0000	0.0000	0.0000	0.0000	0.0000	0.0000	0.0000
1	195	97.0000	483.0000	100.0000	483.0000	0.7885	0.7885	0.0000	0.0000	0.0000
0	196	1145.0000	482.0000	0.0000	0.0000	0.0000	0.0000	0.0000	0.0000	0.0000
1	196	1142.0000	482.0000	1145.0000	482.0000	0.7768	0.7768	0.0000	0.0000	0.0000
0	197	1218.0000	482.0000	0.0000	0.0000	0.0000	0.0000	0.0000	0.0000	0.0000
1	197	1213.0000	482.0000	1218.0000	482.0000	0.7941	0.7941	0.0000	0.0000	0.0000
0	198	1348.0000	482.0000	0.0000	0.0000	0.0000	0.0000	0.0000	0.0000	0.0000
1	198	1346.0000	482.0000	1348.0000	482.0000	0.7530	0.7530	0.0000	0.0000	0.0000
0	199	1555.0000	483.0000	0.0000	0.0000	0.0000	0.0000	0.0000	0.0000	0.0000
1	199	1555.0000	483.0000	1555.0000	483.0000	0.7853	0.7853	0.0000	0.0000	0.0000
0	200	1097.0000	485.0000	0.0000	0.0000	0.0000	0.0000	0.0000	0.0000	0.0000
1	200	1097.0000	485.0000	1097.0000	485.0000	0.7759	0.7759	0.0000	0.0000	0.0000
0	201	1295.0000	485.0000	0.0000	0.0000	0.0000	0.0000	0.0000	0.0000	0.0000
1	201	1292.0000	485.0000	1295.0000	485.0000	0.7973	0.7973	0.0000	0.0000	0.0000
0	202	1702.0000	485.0000	0.0000	0.0000	0.0000	0.0000	0.0000	0.0000	0.0000
1	202	1701.0000	485.0000	1702.0000	485.0000	0.5957	0.5957	0.0000	0.0000	0.0000
0	203	162.0000	487.0000	0.0000	0.0000	0.0000	0.0000	0.0000	0.0000	0.0000
1	203	159.0000	487.0000	162.0000	487.0000	0.5538	0.5538	0.0000	0.0000	0.0000
0	204	239.0000	488.0000	0.0000	0.0000	0.0000	0.0000	0.0000	0.0000	0.0000
1	204	237.0000	488.0000	239.0000	488.0000	0.7213	0.7213	0.0000	0.0000	0.0000
0	205	269.0000	489.0000	0.0000	0.0000	0.0000	0.0000	0.0000	0.0000	0.0000
1	205	268.0000	489.0000	269.0000	489.0000	0.7693	0.7693	0.0000	0.0000	0.0000
0	206	198.0000	490.0000	0.0000	0.0000	0.0000	0.0000	0.0000	0.0000	0.0000
1	206	195.0000	490.0000	198.0000	490.0000	0.7844	0.7844	0.0000	0.0000	0.0000
0	207	300.0000	491.0000	0.0000	0.0000	0.0000	0.0000	0.0000	0.0000	0.0000
1	207	302.0000	491.0000	300.0000	491.0000	0.8038	0.8038	0.0000	0.0000	0.0000
0	208	931.0000	488.0000	0.0000	0.0000	0.0000	0.0000	0.0000	0.0000	0.0000
1	208	929.0000	491.0000	931.0000	488.0000	0.7762	0.7762	0.0000	0.0000	0.0000
0	209	1102.0000	490.0000	0.0000	0.0000	0.0000	0.0000	0.0000	0.0000	0.0000
1	209	1100.0000	490.0000	1102.0000	490.0000	0.7738	0.7738	0.0000	0.0000	0.0000
0	210	692.0000	492.0000	0.0000	0.0000	0.0000	0.0000	0.0000	0.0000	0.0000
1	210	692.0000	492.0000	692.0000	492.0000	0.8193	0.8193	0.0000	0.0000	0.0000
0	211	1104.0000	492.0000	0.0000	0.0000	0.0000	0.0000	0.0000	0.0000	0.0000
1	211	1102.0000	492.0000	1104.0000	492.0000	0.7777	0.7777	0.0000	0.0000	0.0000
0	212	1246.0000	493.0000	0.0000	0.0000	0.0000	0.0000	0.0000	0.0000	0.0000
1	212	1243.0000	493.0000	1246.0000	493.0000	0.7746	0.7746	0.0000	0.0000	0.0000
0	213	1301.0000	492.0000	0.0000	0.0000	0.0000	0.0000	0.0000	0.0000	0.0000
1	213	1298.0000	492.0000	1301.0000	492.0000	0.7774	0.7774	0.0000	0.0000	0.0000
0	214	1109.0000	495.0000	0.0000	0.0000	0.0000	0.0000	0.0000	0.0000	0.0000
1	214	1107.0000	495.0000	1109.0000	495.0000	0.7675	0.7675	0.0000	0.0000	0.0000
0	215	1352.0000	497.0000	0.0000	0.0000	0.0000	0.0000	0.0000	0.0000	0.0000
1	215	1349.0000	497.0000	1352.0000	497.0000	0.7627	0.7627	0.0000	0.0000	0.0000
0	216	328.0000	497.0000	0.0000	0.0000	0.0000	0.0000	0.0000	0.0000	0.0000
1	216	324.0000	499.0000	328.0000	497.0000	0.7704	0.7704	0.0000	0.0000	0.0000
0	217	610.0000	498.0000	0.0000	0.0000	0.0000	0.0000	0.0000	0.0000	0.0000
1	217	612.0000	498.0000	610.0000	498.0000	0.7727	0.7727	0.0000	0.0000	0.0000
0	218	636.0000	501.0000	0.0000	0.0000	0.0000	0.0000	0.0000	0.0000	0.0000
1	218	636.0000	500.0000	636.0000	501.0000	0.7899	0.7899	0.0000	0.0000	0.0000
0	219	811.0000	503.0000	0.0000	0.0000	0.0000	0.0000	0.0000	0.0000	0.0000
1	219	812.0000	502.0000	811.0000	503.0000	0.8079	0.8079	0.0000	0.0000	0.0000
0	220	841.0000	501.0000	0.0000	0.0000	0.0000	0.0000	0.0000	0.0000	0.0000
1	220	841.0000	502.0000	841.0000	501.0000	0.7896	0.7896	0.0000	0.0000	0.0000
0	221	867.0000	505.0000	0.0000	0.0000	0.0000	0.0000	0.0000	0.0000	0.0000
1	221	868.0000	502.0000	867.0000	505.0000	0.7976	0.7976	0.0000	0.0000	0.0000
0	222	1155.0000	503.0000	0.0000	0.0000	0.0000	0.0000	0.0000	0.0000	0.0000
1	222	1154.0000	503.0000	1155.0000	503.0000	0.7887	0.7887	0.0000	0.0000	0.0000
0	223	681.0000	504.0000	0.0000	0.0000	0.0000	0.0000	0.0000	0.0000	0.0000
1	223	681.0000	504.0000	681.0000	504.0000	0.8224	0.8224	0.0000	0.0000	0.0000
0	224	1672.0000	504.0000	0.0000	0.0000	0.0000	0.0000	0.0000	0.0000	0.0000
1	224	1670.0000	504.0000	1672.0000	504.0000	0.7768	0.7768	0.0000	0.0000	0.0000
0	225	346.0000	507.0000	0.0000	0.0000	0.0000	0.0000	0.0000	0.0000	0.0000
1	225	346.0000	507.0000	346.0000	507.0000	0.7981	0.7981	0.0000	0.0000	0.0000
0	226	1028.0000	511.0000	0.0000	0.0000	0.0000	0.0000	0.0000	0.0000	0.0000
1	226	1028.0000	510.0000	1028.0000	511.0000	0.7713	0.7713	0.0000	0.0000	0.0000
0	227	788.0000	514.0000	0.0000	0.0000	0.0000	0.0000	0.0000	0.0000	0.0000
1	227	788.0000	512.0000	788.0000	514.0000	0.8006	0.8006	0.0000	0.0000	0.0000
0	228	590.0000	516.0000	0.0000	0.0000	0.0000	0.0000	0.0000	0.0000	0.0000
1	228	590.0000	516.0000	590.0000	516.0000	0.8146	0.8146	0.0000	0.0000	0.0000
0	229	612.0000	516.0000	0.0000	0.0000	0.0000	0.0000	0.0000	0.0000	0.0000
1	229	612.0000	516.0000	612.0000	516.0000	0.8048	0.8048	0.0000	0.0000	0.0000
0	230	1130.0000	519.0000	0.0000	0.0000	0.0000	0.0000	0.0000	0.0000	0.0000
1	230	1130.0000	519.0000	1130.0000	519.0000	0.7938	0.7938	0.0000	0.0000	0.0000
0	231	85.0000	521.0000	0.0000	0.0000	0.0000	0.0000	0.0000	0.0000	0.0000
1	231	85.0000	521.0000	85.0000	521.0000	0.7417	0.7417	0.0000	0.0000	0.0000
0	232	877.0000	518.0000	0.0000	0.0000	0.0000	0.0000	0.0000	0.0000	0.0000
1	232	877.0000	520.0000	877.0000	518.0000	0.7929	0.7929	0.0000	0.0000	0.0000
0	233	34.0000	522.0000	0.0000	0.0000	0.0000	0.0000	0.0000	0.0000	0.0000
1	233	37.0000	523.0000	34.0000	522.0000	0.7459	0.7459	0.0000	0.0000	0.0000
0	234	594.0000	524.0000	0.0000	0.0000	0.0000	0.0000	0.0000	0.0000	0.0000
1	234	594.0000	524.0000	594.0000	524.0000	0.8178	0.8178	0.0000	0.0000	0.0000
0	235	791.0000	535.0000	0.0000	0.0000	0.0000	0.0000	0.0000	0.0000	0.0000
1	235	791.0000	533.0000	791.0000	535.0000	0.7912	0.7912	0.0000	0.0000	0.0000
0	236	818.0000	548.0000	0.0000	0.0000	0.0000	0.0000	0.0000	0.0000	0.0000
1	236	818.0000	547.0000	818.0000	548.0000	0.7884	0.7884	0.0000	0.0000	0.0000
0	237	1699.0000	559.0000	0.0000	0.0000	0.0000	0.0000	0.0000	0.0000	0.0000
1	237	1699.0000	559.0000	1699.0000	559.0000	0.7941	0.7941	0.0000	0.0000	0.0000
0	238	656.0000	560.0000	0.0000	0.0000	0.0000	0.0000	0.0000	0.0000	0.0000
1	238	656.0000	560.0000	656.0000	560.0000	0.6280	0.6280	0.0000	0.0000	0.0000
0	239	721.0000	561.0000	0.0000	0.0000	0.0000	0.0000	0.0000	0.0000	0.0000
1	239	722.0000	561.0000	721.0000	561.0000	0.7965	0.7965	0.0000	0.0000	0.0000
0	240	961.0000	561.0000	0.0000	0.0000	0.0000	0.0000	0.0000	0.0000	0.0000
1	240	964.0000	561.0000	961.0000	561.0000	0.7941	0.7941	0.0000	0.0000	0.0000
0	241	671.0000	566.0000	0.0000	0.0000	0.0000	0.0000	0.0000	0.0000	0.0000
1	241	671.0000	566.0000	671.0000	566.0000	0.7592	0.7592	0.0000	0.0000	0.0000
0	242	747.0000	565.0000	0.0000	0.0000	0.0000	0.0000	0.0000	0.0000	0.0000
1	242	746.0000	566.0000	747.0000	565.0000	0.7790	0.7790	0.0000	0.0000	0.0000
0	243	850.0000	568.0000	0.0000	0.0000	0.0000	0.0000	0.0000	0.0000	0.0000
1	243	852.0000	568.0000	850.0000	568.0000	0.7651	0.7651	0.0000	0.0000	0.0000
0	244	619.0000	579.0000	0.0000	0.0000	0.0000	0.0000	0.0000	0.0000	0.0000
1	244	618.0000	580.0000	619.0000	579.0000	0.7750	0.7750	0.0000	0.0000	0.0000
0	245	62.0000	584.0000	0.0000	0.0000	0.0000	0.0000	0.0000	0.0000	0.0000
1	245	62.0000	582.0000	62.0000	584.0000	0.7871	0.7871	0.0000	0.0000	0.0000
0	246	704.0000	586.0000	0.0000	0.0000	0.0000	0.0000	0.0000	0.0000	0.0000
1	246	705.0000	586.0000	704.0000	586.0000	0.7527	0.7527	0.0000	0.0000	0.0000
0	247	712.0000	592.0000	0.0000	0.0000	0.0000	0.0000	0.0000	0.0000	0.0000
1	247	713.0000	591.0000	712.0000	592.0000	0.6723	0.6723	0.0000	0.0000	0.0000
0	248	768.0000	589.0000	0.0000	0.0000	0.0000	0.0000	0.0000	0.0000	0.0000
1	248	768.0000	591.0000	768.0000	589.0000	0.7937	0.7937	0.0000	0.0000	0.0000
0	249	689.0000	592.0000	0.0000	0.0000	0.0000	0.0000	0.0000	0.0000	0.0000
1	249	690.0000	593.0000	689.0000	592.0000	0.7983	0.7983	0.0000	0.0000	0.0000
0	250	651.0000	596.0000	0.0000	0.0000	0.0000	0.0000	0.0000	0.0000	0.0000
1	250	651.0000	595.0000	651.0000	596.0000	0.8109	0.8109	0.0000	0.0000	0.0000
0	251	181.0000	596.0000	0.0000	0.0000	0.0000	0.0000	0.0000	0.0000	0.0000
1	251	178.0000	596.0000	181.0000	596.0000	0.7602	0.7602	0.0000	0.0000	0.0000
0	252	638.0000	598.0000	0.0000	0.0000	0.0000	0.0000	0.0000	0.0000	0.0000
1	252	638.0000	598.0000	638.0000	598.0000	0.7943	0.7943	0.0000	0.0000	0.0000
0	253	631.0000	608.0000	0.0000	0.0000	0.0000	0.0000	0.0000	0.0000	0.0000
1	253	631.0000	607.0000	631.0000	608.0000	0.7838	0.7838	0.0000	0.0000	0.0000
0	254	654.0000	607.0000	0.0000	0.0000	0.0000	0.0000	0.0000	0.0000	0.0000
1	254	654.0000	607.0000	654.0000	607.0000	0.7393	0.7393	0.0000	0.0000	0.0000
0	255	674.0000	608.0000	0.0000	0.0000	0.0000	0.0000	0.0000	0.0000	0.0000
1	255	674.0000	610.0000	674.0000	608.0000	0.7899	0.7899	0.0000	0.0000	0.0000
0	256	696.0000	614.0000	0.0000	0.0000	0.0000	0.0000	0.0000	0.0000	0.0000
1	256	697.0000	614.0000	696.0000	614.0000	0.7863	0.7863	0.0000	0.0000	0.0000
0	257	685.0000	616.0000	0.0000	0.0000	0.0000	0.0000	0.0000	0.0000	0.0000
1	257	686.0000	617.0000	685.0000	616.0000	0.7759	0.7759	0.0000	0.0000	0.0000
0	258	1243.0000	647.0000	0.0000	0.0000	0.0000	0.0000	0.0000	0.0000	0.0000
1	258	1239.0000	650.0000	1243.0000	647.0000	0.7697	0.7697	0.0000	0.0000	0.0000
0	259	952.0000	652.0000	0.0000	0.0000	0.0000	0.0000	0.0000	0.0000	0.0000
1	259	951.0000	654.0000	952.0000	652.0000	0.7929	0.7929	0.0000	0.0000	0.0000
0	260	52.0000	666.0000	0.0000	0.0000	0.0000	0.0000	0.0000	0.0000	0.0000
1	260	53.0000	667.0000	52.0000	666.0000	0.7645	0.7645	0.0000	0.0000	0.0000
0	261	1045.0000	673.0000	0.0000	0.0000	0.0000	0.0000	0.0000	0.0000	0.0000
1	261	1047.0000	673.0000	1045.0000	673.0000	0.7918	0.7918	0.0000	0.0000	0.0000
0	262	1596.0000	684.0000	0.0000	0.0000	0.0000	0.0000	0.0000	0.0000	0.0000
1	262	1596.0000	684.0000	1596.0000	684.0000	0.7913	0.7913	0.0000	0.0000	0.0000
0	263	857.0000	692.0000	0.0000	0.0000	0.0000	0.0000	0.0000	0.0000	0.0000
1	263	857.0000	693.0000	857.0000	692.0000	0.7872	0.7872	0.0000	0.0000	0.0000
0	264	1585.0000	695.0000	0.0000	0.0000	0.0000	0.0000	0.0000	0.0000	0.0000
1	264	1585.0000	693.0000	1585.0000	695.0000	0.6150	0.6150	0.0000	0.0000	0.0000
0	265	645.0000	696.0000	0.0000	0.0000	0.0000	0.0000	0.0000	0.0000	0.0000
1	265	645.0000	698.0000	645.0000	696.0000	0.7790	0.7790	0.0000	0.0000	0.0000
0	266	835.0000	707.0000	0.0000	0.0000	0.0000	0.0000	0.0000	0.0000	0.0000
1	266	835.0000	707.0000	835.0000	707.0000	0.7737	0.7737	0.0000	0.0000	0.0000
0	267	873.0000	706.0000	0.0000	0.0000	0.0000	0.0000	0.0000	0.0000	0.0000
1	267	872.0000	707.0000	873.0000	706.0000	0.7605	0.7605	0.0000	0.0000	0.0000
0	268	847.0000	715.0000	0.0000	0.0000	0.0000	0.0000	0.0000	0.0000	0.0000
1	268	847.0000	715.0000	847.0000	715.0000	0.7378	0.7378	0.0000	0.0000	0.0000
0	269	1112.0000	728.0000	0.0000	0.0000	0.0000	0.0000	0.0000	0.0000	0.0000
1	269	1112.0000	728.0000	1112.0000	728.0000	0.8022	0.8022	0.0000	0.0000	0.0000
0	270	1317.0000	725.0000	0.0000	0.0000	0.0000	0.0000	0.0000	0.0000	0.0000
1	270	1317.0000	728.0000	1317.0000	725.0000	0.7520	0.7520	0.0000	0.0000	0.0000
0	271	1099.0000	731.0000	0.0000	0.0000	0.0000	0.0000	0.0000	0.0000	0.0000
1	271	1099.0000	730.0000	1099.0000	731.0000	0.7779	0.7779	0.0000	0.0000	0.0000
0	272	1122.0000	744.0000	0.0000	0.0000	0.0000	0.0000	0.0000	0.0000	0.0000
1	272	1122.0000	744.0000	1122.0000	744.0000	0.7683	0.7683	0.0000	0.0000	0.0000
0	273	1108.0000	751.0000	0.0000	0.0000	0.0000	0.0000	0.0000	0.0000	0.0000
1	273	1108.0000	751.0000	1108.0000	751.0000	0.7523	0.7523	0.0000	0.0000	0.0000
0	274	1091.0000	752.0000	0.0000	0.0000	0.0000	0.0000	0.0000	0.0000	0.0000
1	274	1091.0000	752.0000	1091.0000	752.0000	0.7595	0.7595	0.0000	0.0000	0.0000
0	275	1517.0000	759.0000	0.0000	0.0000	0.0000	0.0000	0.0000	0.0000	0.0000
1	275	1520.0000	758.0000	1517.0000	759.0000	0.7966	0.7966	0.0000	0.0000	0.0000
0	276	1072.0000	764.0000	0.0000	0.0000	0.0000	0.0000	0.0000	0.0000	0.0000
1	276	1072.0000	763.0000	1072.0000	764.0000	0.7844	0.7844	0.0000	0.0000	0.0000
0	277	1113.0000	762.0000	0.0000	0.0000	0.0000	0.0000	0.0000	0.0000	0.0000
1	277	1113.0000	762.0000	1113.0000	762.0000	0.7785	0.7785	0.0000	0.0000	0.0000
0	278	1139.0000	765.0000	0.0000	0.0000	0.0000	0.0000	0.0000	0.0000	0.0000
1	278	1139.0000	765.0000	1139.0000	765.0000	0.7779	0.7779	0.0000	0.0000	0.0000
0	279	858.0000	766.0000	0.0000	0.0000	0.0000	0.0000	0.0000	0.0000	0.0000
1	279	860.0000	766.0000	858.0000	766.0000	0.7991	0.7991	0.0000	0.0000	0.0000
0	280	1091.0000	769.0000	0.0000	0.0000	0.0000	0.0000	0.0000	0.0000	0.0000
1	280	1090.0000	769.0000	1091.0000	769.0000	0.7531	0.7531	0.0000	0.0000	0.0000
0	281	890.0000	767.0000	0.0000	0.0000	0.0000	0.0000	0.0000	0.0000	0.0000
1	281	890.0000	770.0000	890.0000	767.0000	0.7910	0.7910	0.0000	0.0000	0.0000
0	282	875.0000	777.0000	0.0000	0.0000	0.0000	0.0000	0.0000	0.0000	0.0000
1	282	875.0000	779.0000	875.0000	777.0000	0.7839	0.7839	0.0000	0.0000	0.0000
0	283	1138.0000	779.0000	0.0000	0.0000	0.0000	0.0000	0.0000	0.0000	0.0000
1	283	1138.0000	779.0000	1138.0000	779.0000	0.7911	0.7911	0.0000	0.0000	0.0000
0	284	1194.0000	786.0000	0.0000	0.0000	0.0000	0.0000	0.0000	0.0000	0.0000
1	284	1194.0000	786.0000	1194.0000	786.0000	0.7946	0.7946	0.0000	0.0000	0.0000
0	285	1229.0000	786.0000	0.0000	0.0000	0.0000	0.0000	0.0000	0.0000	0.0000
1	285	1230.0000	786.0000	1229.0000	786.0000	0.8109	0.8109	0.0000	0.0000	0.0000
0	286	969.0000	789.0000	0.0000	0.0000	0.0000	0.0000	0.0000	0.0000	0.0000
1	286	971.0000	788.0000	969.0000	789.0000	0.7894	0.7894	0.0000	0.0000	0.0000
0	287	1068.0000	789.0000	0.0000	0.0000	0.0000	0.0000	0.0000	0.0000	0.0000
1	287	1067.0000	789.0000	1068.0000	789.0000	0.7788	0.7788	0.0000	0.0000	0.0000
0	288	635.0000	790.0000	0.0000	0.0000	0.0000	0.0000	0.0000	0.0000	0.0000
1	288	637.0000	790.0000	635.0000	790.0000	0.8107	0.8107	0.0000	0.0000	0.0000
0	289	37.0000	793.0000	0.0000	0.0000	0.0000	0.0000	0.0000	0.0000	0.0000
1	289	37.0000	793.0000	37.0000	793.0000	0.7696	0.7696	0.0000	0.0000	0.0000
0	290	379.0000	792.0000	0.0000	0.0000	0.0000	0.0000	0.0000	0.0000	0.0000
1	290	384.0000	792.0000	379.0000	792.0000	0.8104	0.8104	0.0000	0.0000	0.0000
0	291	531.0000	800.0000	0.0000	0.0000	0.0000	0.0000	0.0000	0.0000	0.0000
1	291	534.0000	800.0000	531.0000	800.0000	0.7946	0.7946	0.0000	0.0000	0.0000
0	292	762.0000	804.0000	0.0000	0.0000	0.0000	0.0000	0.0000	0.0000	0.0000
1	292	765.0000	803.0000	762.0000	804.0000	0.7673	0.7673	0.0000	0.0000	0.0000
0	293	1194.0000	802.0000	0.0000	0.0000	0.0000	0.0000	0.0000	0.0000	0.0000
1	293	1197.0000	802.0000	1194.0000	802.0000	0.7821	0.7821	0.0000	0.0000	0.0000
0	294	660.0000	804.0000	0.0000	0.0000	0.0000	0.0000	0.0000	0.0000	0.0000
1	294	663.0000	804.0000	660.0000	804.0000	0.8045	0.8045	0.0000	0.0000	0.0000
0	295	420.0000	807.0000	0.0000	0.0000	0.0000	0.0000	0.0000	0.0000	0.0000
1	295	423.0000	807.0000	420.0000	807.0000	0.8078	0.8078	0.0000	0.0000	0.0000
0	296	1217.0000	807.0000	0.0000	0.0000	0.0000	0.0000	0.0000	0.0000	0.0000
1	296	1215.0000	807.0000	1217.0000	807.0000	0.7854	0.7854	0.0000	0.0000	0.0000
0	297	730.0000	809.0000	0.0000	0.0000	0.0000	0.0000	0.0000	0.0000	0.0000
1	297	731.0000	809.0000	730.0000	809.0000	0.7588	0.7588	0.0000	0.0000	0.0000
0	298	530.0000	810.0000	0.0000	0.0000	0.0000	0.0000	0.0000	0.0000	0.0000
1	298	535.0000	810.0000	530.0000	810.0000	0.7857	0.7857	0.0000	0.0000	0.0000
0	299	491.0000	812.0000	0.0000	0.0000	0.0000	0.0000	0.0000	0.0000	0.0000
1	299	494.0000	812.0000	491.0000	812.0000	0.5403	0.5403	0.0000	0.0000	0.0000
0	300	1152.0000	812.0000	0.0000	0.0000	0.0000	0.0000	0.0000	0.0000	0.0000
1	300	1151.0000	812.0000	1152.0000	812.0000	0.3981	0.3981	0.0000	0.0000	0.0000
0	301	1131.0000	816.0000	0.0000	0.0000	0.0000	0.0000	0.0000	0.0000	0.0000
1	301	1131.0000	816.0000	1131.0000	816.0000	0.3053	0.3053	0.0000	0.0000	0.0000
0	302	278.0000	819.0000	0.0000	0.0000	0.0000	0.0000	0.0000	0.0000	0.0000
1	302	282.0000	819.0000	278.0000	819.0000	0.7956	0.7956	0.0000	0.0000	0.0000
0	303	879.0000	816.0000	0.0000	0.0000	0.0000	0.0000	0.0000	0.0000	0.0000
1	303	879.0000	818.0000	879.0000	816.0000	0.7625	0.7625	0.0000	0.0000	0.0000
0	304	961.0000	819.0000	0.0000	0.0000	0.0000	0.0000	0.0000	0.0000	0.0000
1	304	962.0000	819.0000	961.0000	819.0000	0.7959	0.7959	0.0000	0.0000	0.0000
0	305	916.0000	819.0000	0.0000	0.0000	0.0000	0.0000	0.0000	0.0000	0.0000
1	305	916.0000	821.0000	916.0000	819.0000	0.7783	0.7783	0.0000	0.0000	0.0000
0	306	900.0000	821.0000	0.0000	0.0000	0.0000	0.0000	0.0000	0.0000	0.0000
1	306	900.0000	823.0000	900.0000	821.0000	0.7578	0.7578	0.0000	0.0000	0.0000
0	307	1276.0000	829.0000	0.0000	0.0000	0.0000	0.0000	0.0000	0.0000	0.0000
1	307	1276.0000	829.0000	1276.0000	829.0000	0.7649	0.7649	0.0000	0.0000	0.0000
0	308	664.0000	833.0000	0.0000	0.0000	0.0000	0.0000	0.0000	0.0000	0.0000
1	308	664.0000	833.0000	664.0000	833.0000	0.7613	0.7613	0.0000	0.0000	0.0000
0	309	746.0000	833.0000	0.0000	0.0000	0.0000	0.0000	0.0000	0.0000	0.0000
1	309	743.0000	833.0000	746.0000	833.0000	0.7606	0.7606	0.0000	0.0000	0.0000
0	310	640.0000	837.0000	0.0000	0.0000	0.0000	0.0000	0.0000	0.0000	0.0000
1	310	640.0000	836.0000	640.0000	837.0000	0.7184	0.7184	0.0000	0.0000	0.0000
0	311	775.0000	844.0000	0.0000	0.0000	0.0000	0.0000	0.0000	0.0000	0.0000
1	311	772.0000	844.0000	775.0000	844.0000	0.6038	0.6038	0.0000	0.0000	0.0000
0	312	1052.0000	845.0000	0.0000	0.0000	0.0000	0.0000	0.0000	0.0000	0.0000
1	312	1052.0000	845.0000	1052.0000	845.0000	0.8009	0.8009	0.0000	0.0000	0.0000
0	313	882.0000	850.0000	0.0000	0.0000	0.0000	0.0000	0.0000	0.0000	0.0000
1	313	880.0000	850.0000	882.0000	850.0000	0.7756	0.7756	0.0000	0.0000	0.0000
0	314	1061.0000	852.0000	0.0000	0.0000	0.0000	0.0000	0.0000	0.0000	0.0000
1	314	1061.0000	852.0000	1061.0000	852.0000	0.7876	0.7876	0.0000	0.0000	0.0000
0	315	968.0000	856.0000	0.0000	0.0000	0.0000	0.0000	0.0000	0.0000	0.0000
1	315	968.0000	855.0000	968.0000	856.0000	0.7759	0.7759	0.0000	0.0000	0.0000
0	316	824.0000	858.0000	0.0000	0.0000	0.0000	0.0000	0.0000	0.0000	0.0000
1	316	820.0000	858.0000	824.0000	858.0000	0.7774	0.7774	0.0000	0.0000	0.0000
0	317	995.0000	863.0000	0.0000	0.0000	0.0000	0.0000	0.0000	0.0000	0.0000
1	317	995.0000	863.0000	995.0000	863.0000	0.7771	0.7771	0.0000	0.0000	0.0000
0	318	1018.0000	868.0000	0.0000	0.0000	0.0000	0.0000	0.0000	0.0000	0.0000
1	318	1018.0000	868.0000	1018.0000	868.0000	0.7983	0.7983	0.0000	0.0000	0.0000
0	319	648.0000	870.0000	0.0000	0.0000	0.0000	0.0000	0.0000	0.0000	0.0000
1	319	648.0000	870.0000	648.0000	870.0000	0.4776	0.4776	0.0000	0.0000	0.0000
0	320	974.0000	879.0000	0.0000	0.0000	0.0000	0.0000	0.0000	0.0000	0.0000
1	320	974.0000	877.0000	974.0000	879.0000	0.6990	0.6990	0.0000	0.0000	0.0000
0	321	1042.0000	880.0000	0.0000	0.0000	0.0000	0.0000	0.0000	0.0000	0.0000
1	321	1042.0000	878.0000	1042.0000	880.0000	0.7827	0.7827	0.0000	0.0000	0.0000
0	322	912.0000	887.0000	0.0000	0.0000	0.0000	0.0000	0.0000	0.0000	0.0000
1	322	911.0000	887.0000	912.0000	887.0000	0.7513	0.7513	0.0000	0.0000	0.0000
0	323	911.0000	903.0000	0.0000	0.0000	0.0000	0.0000	0.0000	0.0000	0.0000
1	323	910.0000	903.0000	911.0000	903.0000	0.4363	0.4363	0.0000	0.0000	0.0000
0	324	1038.0000	917.0000	0.0000	0.0000	0.0000	0.0000	0.0000	0.0000	0.0000
1	324	1038.0000	915.0000	1038.0000	917.0000	0.7510	0.7510	0.0000	0.0000	0.0000
0	325	713.0000	927.0000	0.0000	0.0000	0.0000	0.0000	0.0000	0.0000	0.0000
1	325	713.0000	927.0000	713.0000	927.0000	0.7632	0.7632	0.0000	0.0000	0.0000
0	326	941.0000	933.0000	0.0000	0.0000	0.0000	0.0000	0.0000	0.0000	0.0000
1	326	940.0000	933.0000	941.0000	933.0000	0.7651	0.7651	0.0000	0.0000	0.0000
0	327	1055.0000	943.0000	0.0000	0.0000	0.0000	0.0000	0.0000	0.0000	0.0000
1	327	1055.0000	943.0000	1055.0000	943.0000	0.7642	0.7642	0.0000	0.0000	0.0000
0	328	1070.0000	952.0000	0.0000	0.0000	0.0000	0.0000	0.0000	0.0000	0.0000
1	328	1070.0000	953.0000	1070.0000	952.0000	0.7419	0.7419	0.0000	0.0000	0.0000
0	329	1021.0000	954.0000	0.0000	0.0000	0.0000	0.0000	0.0000	0.0000	0.0000
1	329	1021.0000	954.0000	1021.0000	954.0000	0.7813	0.7813	0.0000	0.0000	0.0000
0	330	872.0000	954.0000	0.0000	0.0000	0.0000	0.0000	0.0000	0.0000	0.0000
1	330	872.0000	956.0000	872.0000	954.0000	0.7697	0.7697	0.0000	0.0000	0.0000
0	331	932.0000	957.0000	0.0000	0.0000	0.0000	0.0000	0.0000	0.0000	0.0000
1	331	931.0000	957.0000	932.0000	957.0000	0.7584	0.7584	0.0000	0.0000	0.0000
0	332	1038.0000	957.0000	0.0000	0.0000	0.0000	0.0000	0.0000	0.0000	0.0000
1	332	1038.0000	957.0000	1038.0000	957.0000	0.7882	0.7882	0.0000	0.0000	0.0000
0	333	851.0000	964.0000	0.0000	0.0000	0.0000	0.0000	0.0000	0.0000	0.0000
1	333	851.0000	966.0000	851.0000	964.0000	0.7674	0.7674	0.0000	0.0000	0.0000
0	334	994.0000	974.0000	0.0000	0.0000	0.0000	0.0000	0.0000	0.0000	0.0000
1	334	994.0000	974.0000	994.0000	974.0000	0.7890	0.7890	0.0000	0.0000	0.0000
0	335	1076.0000	994.0000	0.0000	0.0000	0.0000	0.0000	0.0000	0.0000	0.0000
1	335	1076.0000	995.0000	1076.0000	994.0000	0.7343	0.7343	0.0000	0.0000	0.0000
0	336	959.0000	1017.0000	0.0000	0.0000	0.0000	0.0000	0.0000	0.0000	0.0000
1	336	959.0000	1017.0000	959.0000	1017.0000	0.7584	0.7584	0.0000	0.0000	0.0000
0	337	1064.0000	1020.0000	0.0000	0.0000	0.0000	0.0000	0.0000	0.0000	0.0000
1	337	1064.0000	1018.0000	1064.0000	1020.0000	0.7387	0.7387	0.0000	0.0000	0.0000
0	338	1068.0000	1073.0000	0.0000	0.0000	0.0000	0.0000	0.0000	0.0000	0.0000
1	338	1068.0000	1073.0000	1068.0000	1073.0000	0.7479	0.7479	0.0000	0.0000	0.0000
0	339	900.0000	1077.0000	0.0000	0.0000	0.0000	0.0000	0.0000	0.0000	0.0000
1	339	900.0000	1075.0000	900.0000	1077.0000	0.6113	0.6113	0.0000	0.0000	0.0000
0	340	866.0000	1075.0000	0.0000	0.0000	0.0000	0.0000	0.0000	0.0000	0.0000
1	340	866.0000	1076.0000	866.0000	1075.0000	0.4534	0.4534	0.0000	0.0000	0.0000
